 669    1
 751    2
 912    2
 963    2
 284    3
 310    3
 677    4
 703    4
1159    5
 702    7
1118    8
 238   11
 138   12
1308   12
1309   12
 437   14
 452   14
 702   14
 805   15
 603   16
 610   16
 621   16
 970   16
 385   17
 597   17
 609   17
  68   19
 375   19
 419   19
 577   21
 914   21
1220   21
1338   21
1363   21
1388   22
 411   23
 447   25
1404   25
 422   26
  89   31
  97   31
 377   31
 342   33
 772   35
 595   36
  73   37
 801   37
1450   38
 671   40
 610   41
1323   42
1439   43
 433   44
1088   45
1336   45
 219   46
1062   47
 287   50
1396   50
 313   52
1087   53
1354   53
1385   53
1419   53
1339   55
1039   57
1176   59
1375   59
 394   60
 667   61
 777   62
 137   63
 264   63
 760   63
1221   63
1282   63
1458   63
 686   64
 721   64
1177   64
  86   65
 425   65
1023   65
1429   65
 915   66
 375   68
 419   68
 287   69
 706   69
1075   69
1226   69
 313   70
1215   70
 120   71
 264   72
 301   72
 784   72
1284   72
1458   72
 130   73
 254   73
 901   74
1017   75
 283   78
 375   78
 876   78
 905   78
1274   78
 280   80
 674   82
 905   82
 291   83
 402   83
 425   83
 590   83
 817   83
 320   84
 346   84
 812   86
 773   87
 283   90
1274   90
 766   92
1121   92
1267   92
1349   92
 588   93
1430   93
 108   94
1293   94
 377   97
 665   97
1401  100
 689  102
1377  102
 870  106
1103  107
1293  108
 336  109
1232  109
 150  114
 890  114
1061  114
1261  114
 731  115
1263  115
 176  118
1178  119
 277  120
 285  121
 291  121
 296  121
 677  121
 794  121
 183  122
 530  122
 722  122
1143  122
1160  122
1414  122
1415  122
1163  123
 462  125
 722  125
1354  128
1365  128
1381  128
1397  128
 613  129
1040  130
1107  130
1322  130
1222  131
1341  132
 157  133
 255  133
1178  133
1281  133
1210  134
 424  135
 816  135
1126  137
 780  140
 817  141
 941  141
1446  141
 804  142
 899  142
1124  144
1210  144
 356  148
1170  148
 842  149
 356  150
1061  150
1153  150
1165  150
1261  150
 198  154
 195  157
 926  157
1178  157
 382  158
 779  158
 906  158
 912  158
1019  158
 653  161
1172  161
 479  163
1163  163
 532  165
 294  166
 727  166
 942  166
1064  166
 528  170
 558  170
 410  172
1356  172
1156  175
 776  177
 558  180
 213  182
 847  182
 530  183
 559  183
1143  183
1160  183
1414  183
 513  184
 756  187
 667  194
 224  195
 611  195
 926  195
1178  195
1001  196
 487  200
1243  200
 474  201
 972  203
 356  204
 847  204
1107  204
1237  204
1204  206
 722  207
1035  207
 751  209
 981  209
1248  212
 557  213
1240  213
 473  214
 733  214
1157  214
 477  215
 626  215
1220  216
1312  216
1429  216
1082  217
1228  217
 614  218
1158  219
1411  221
 383  222
 819  222
 444  224
 465  225
 694  225
 822  226
1264  226
 439  227
1459  227
1264  228
 325  231
 611  232
 667  232
 330  236
1333  237
 767  240
1300  240
1401  240
 243  242
1209  246
 342  248
1460  248
 688  251
1087  251
1419  251
 893  253
1024  255
1104  255
 811  258
1009  259
1117  259
1397  262
 615  263
1000  263
1378  263
1284  264
1342  264
 364  265
 976  270
 618  273
1123  273
1295  273
 414  274
1381  274
1389  274
 797  275
1177  275
1308  277
 358  278
 409  278
1175  278
 374  279
 396  279
 780  279
1132  280
1124  282
 876  283
 521  284
 828  284
 425  285
 590  285
 817  285
1226  287
1361  287
 685  289
 836  290
1187  290
1335  290
1338  290
 296  291
 677  291
 743  291
1019  292
 677  296
 794  296
 323  298
 323  299
 408  299
 603  299
1358  299
 784  301
1458  301
 345  302
1409  302
 974  303
1114  303
1442  304
 859  305
1136  305
1298  305
 830  308
 912  308
1067  310
 380  311
 671  315
1041  317
 392  318
1460  319
 408  323
 603  323
1342  323
 457  325
 833  325
1110  325
1450  325
 661  326
1316  327
1202  330
 581  332
1405  332
 780  334
 973  334
1366  334
1226  335
1232  336
 885  337
 935  341
 571  342
1076  343
1353  344
1312  347
1429  347
 897  348
1280  348
1127  349
 371  351
1287  352
1368  352
 595  353
 497  355
 723  356
1061  356
 687  358
1004  359
 839  362
 466  363
 438  364
1139  366
1270  367
 459  368
1189  369
1182  370
1222  372
 396  374
 780  374
 861  374
1353  374
 876  375
 694  380
 469  382
1348  386
1453  387
 427  388
1082  389
 620  391
 895  391
 589  395
 743  395
 692  396
 861  396
 832  398
1328  399
 580  403
 445  404
1038  407
1055  407
 410  409
1175  409
1012  410
1356  410
1420  410
 960  411
1103  415
 447  416
 712  416
1014  416
1340  417
 458  419
1433  419
 466  422
 590  425
 817  425
 941  425
1353  425
 457  426
 774  426
 716  427
 710  429
 864  430
1331  430
1122  435
1333  435
 702  437
1459  439
 583  440
1007  440
 918  445
1227  445
 826  446
 913  447
 721  448
1125  448
 769  449
 869  449
1391  449
 874  450
 997  451
 761  452
1128  455
 690  456
1110  456
1041  457
 707  462
1221  465
 673  466
 600  469
1267  469
 488  470
 522  470
 624  470
 632  471
 745  471
 857  471
1250  471
 497  472
 850  473
1144  473
1154  473
 564  474
1150  475
 730  476
 494  478
 593  478
 627  478
 521  479
 512  480
 764  480
 497  481
 751  481
1344  481
 765  483
1150  483
 628  486
 637  486
 492  487
 630  487
 650  487
 729  487
 749  487
 991  487
 723  488
 630  490
1057  490
 729  492
 751  492
 991  492
 518  493
 593  494
1447  496
 739  499
1345  499
 984  500
 744  501
1345  501
 536  502
 855  502
1414  502
1283  504
 816  505
 562  507
1244  508
 624  509
1153  510
 650  512
 764  512
1037  514
 955  516
1204  517
1255  517
1150  518
 546  519
 848  520
 544  521
 765  521
 526  524
1263  524
 552  525
1049  525
1031  526
1251  526
 558  528
 622  528
 980  528
1056  528
1441  528
1422  529
1143  530
1160  530
 888  531
1252  531
 726  532
1230  532
 988  534
1238  534
 646  535
 724  535
 765  535
 947  535
 992  537
 943  538
 553  541
 564  541
1423  541
1445  541
 685  544
1149  544
 967  548
1250  549
1263  549
1346  549
 650  550
 749  550
 751  550
 991  550
1345  550
 964  551
 562  552
 752  552
1423  553
1445  553
 844  555
 561  556
 622  558
 980  558
1056  558
 756  559
 969  559
1414  559
 752  562
 954  562
1161  562
 718  568
1053  568
1054  568
 729  570
 574  571
 678  573
1333  573
 585  574
1290  576
1187  577
 654  579
1395  581
1095  584
1322  584
1391  584
 644  587
1287  588
1430  588
 743  589
 677  590
 817  590
 941  590
 966  591
 627  593
 897  595
1433  597
1363  598
 716  599
 688  600
 698  600
 778  600
1349  600
 870  601
1141  602
1069  606
1013  608
1390  608
1313  613
1231  614
1000  615
 695  616
1182  617
1383  618
1064  622
1168  627
1058  628
 991  630
1057  630
 857  632
1262  632
 856  633
 944  633
1244  633
 955  636
 893  638
1059  639
1146  639
 657  642
1179  642
 759  643
 724  646
 765  646
 947  646
 857  649
 749  650
 739  651
1244  652
1172  653
 818  655
1074  657
1117  657
 936  661
1400  661
 679  664
1266  664
1370  664
 867  666
1112  666
1115  666
1355  666
 870  672
 886  672
 690  677
 794  677
1333  678
 859  680
1069  680
1378  680
1383  680
 771  681
 793  681
 692  683
 721  686
 804  686
1087  688
1419  688
1228  690
1333  691
 861  692
1197  698
 801  702
 926  703
1217  703
1010  708
 821  711
1352  713
 905  716
 931  716
 747  718
 991  718
1053  718
1160  719
1151  720
1204  720
 804  721
1143  722
 765  724
 968  725
1145  726
 846  727
1152  727
 749  729
 991  729
 952  730
1230  730
 850  733
1036  737
 855  739
1056  741
1345  744
 857  745
 765  747
 911  748
 991  749
1159  749
 853  752
 981  753
 869  756
 990  756
1415  756
1073  760
1271  760
1316  760
 962  761
1019  761
1397  761
1033  764
 947  765
1150  765
1134  766
1267  766
1349  766
1135  767
1300  767
1401  767
1007  768
1376  768
1073  769
1129  769
1391  769
1332  770
1084  777
1369  777
 779  778
1019  779
1097  779
1226  779
 784  783
 959  783
 821  785
 788  786
 906  786
 906  788
1062  788
1366  790
1226  793
1381  795
 839  796
1177  797
 885  802
 899  804
1205  807
1300  807
1196  809
1360  809
1446  812
1004  813
 822  814
 941  817
1188  818
 893  826
 997  826
1179  832
1450  833
1187  836
1335  836
1461  838
 958  841
 854  842
 942  846
 972  846
1063  846
1152  846
1447  856
1069  859
1302  859
1378  859
1383  859
 862  860
1317  862
1450  862
1108  865
1180  870
 901  874
 936  881
 975  884
1252  888
1061  890
1261  890
1197  895
1011  898
1042  901
1288  901
1019  906
1042  908
1108  909
1363  914
 928  916
1039  916
 930  917
1009  919
1316  919
 935  921
1039  928
1398  930
1009  939
1434  939
 962  940
1099  940
1188  940
 967  942
1152  942
1263  943
1244  949
1156  955
1040  956
1080  959
1377  959
1188  962
1010  967
1064  967
1434  968
1215  971
1075  976
1011  977
1406  977
1201  978
1430  978
1064  980
1160  990
1054  991
1391  994
1285  995
1428  995
1217  996
1404  996
1378 1000
1292 1002
1004 1003
1028 1003
1181 1004
1356 1005
1376 1007
1391 1008
1316 1009
1030 1017
1226 1019
1127 1030
1049 1031
1167 1033
1051 1035
1170 1049
1054 1053
1146 1055
1444 1059
1261 1061
1291 1062
1302 1069
1085 1071
1369 1071
1369 1072
1312 1080
1085 1084
1208 1084
1369 1085
1419 1087
1212 1088
1322 1095
1270 1097
1119 1102
1138 1102
1450 1110
1355 1112
1355 1115
1383 1118
1452 1119
1267 1121
1349 1121
1388 1124
1391 1129
1372 1130
1361 1134
1250 1142
1160 1143
1415 1143
1246 1144
1239 1147
1170 1151
1242 1153
1261 1153
1356 1153
1161 1154
1163 1157
1415 1160
1271 1175
1375 1176
1392 1177
1281 1178
1272 1179
1335 1187
1428 1189
1454 1189
1357 1196
1360 1196
1430 1201
1452 1203
1255 1204
1322 1206
1404 1217
1432 1221
1458 1221
1369 1222
1432 1228
1330 1231
1260 1237
1256 1252
1258 1254
1344 1260
1417 1265
1370 1266
1337 1269
1453 1277
1382 1279
1342 1284
1424 1299
1401 1300
1429 1312
1324 1323
1453 1337
1363 1338
1459 1338
1441 1353
1365 1354
1420 1356
1389 1381
1419 1385