0 1  32
0 2   2
0 3  35
0 4   6
0 5   4
0 6 125
0 7   2
1 0   8
1 2   8
1 3   8
1 4 116
1 5   9
1 6  19
1 7   5
2 0   4
2 1  16
2 3   0
2 4  11
2 5   7
2 6   6
2 7   5
3 0  21
3 1  11
3 2   1
3 4   1
3 5   0
3 6  70
3 7   0
4 0   0 
4 1  73 
4 2   7  
4 3   0    
4 5   3   
4 6   0 
4 7  13
5 0   1
5 1   9
5 2   8  
5 3   1  
5 4   7     
5 6   0  
5 7   2
6 0  85 
6 1 119 
6 2  16 
6 3 126 
6 4  12   
6 5  27    
6 7  13
7 0   2 
7 1   4 
7 2  10   
7 3   1  
7 4   7   
7 5   5   
7 6  15  